120 55 75 95
111 53 75 95
104 50 75 95
98 45 75 95
92 40 75 95
87 36 75 95
86 35 75 95
84 36 75 95
84 42 75 95
82 48 75 95
80 54 75 95
76 56 75 95
70 56 75 95
64 55 75 95
58 54 75 95
53 50 75 95
53 46 75 95
53 42 75 95
56 41 75 95
61 41 75 95
66 44 75 95
68 47 75 95
69 50 75 95
74 51 75 95
78 53 75 95
83 53 75 95
88 50 75 95
93 45 75 95
98 37 75 95
107 30 75 95
116 26 75 95
124 27 75 95
129 31 75 95
131 35 75 95
134 37 75 95
136 38 75 95
138 40 75 95
138 41 75 95
138 40 75 95
140 38 75 95
140 36 75 95
139 33 75 95
140 33 75 95
139 35 75 95
139 37 75 95
139 39 75 95
138 40 75 95
138 42 75 95
138 42 75 95
140 41 75 95
141 38 75 95
144 34 75 95
149 32 75 95
152 33 75 95
154 39 75 95
153 47 75 95
151 54 75 95
150 60 75 95
149 63 75 95
145 60 75 95
144 55 75 95
148 50 75 95
154 47 75 95
159 49 75 95
158 51 75 95
158 54 75 95
154 56 75 95
146 58 75 95
141 57 75 95
134 57 75 95
126 52 75 95
122 49 75 95
121 44 75 95
125 43 75 95
126 45 75 95
125 48 75 95
125 50 75 95
125 52 75 95
124 53 75 95
121 54 75 95
119 54 75 95
116 51 75 95
120 47 75 95
123 45 75 95
126 43 75 95
136 47 75 95
140 50 75 95
145 50 75 95
152 48 75 95
156 47 75 95
159 46 75 95
160 45 75 95
161 44 75 95
160 40 75 95
161 37 75 95
161 35 75 95
159 35 75 95
159 36 75 95
161 43 75 95
158 49 75 95
155 52 75 95
152 53 75 95
146 52 75 95
142 48 75 95
142 44 75 95
148 38 75 95
150 37 75 95
151 39 75 95
151 42 75 95
151 45 75 95
153 47 75 95
153 48 75 95
154 50 75 95
155 52 75 95
157 53 75 95
159 49 75 95
158 46 75 95
161 46 75 95
162 50 75 95
162 55 75 95
159 58 75 95
155 60 75 95
150 61 75 95
147 60 75 95
146 58 75 95
143 56 75 95
140 53 75 95
135 51 75 95
133 49 75 95
130 44 75 95
129 37 75 95
127 37 75 95
124 40 75 95
123 42 75 95
122 42 75 95
118 45 75 95
115 46 75 95
114 46 75 95
112 45 75 95
114 43 75 95
120 43 75 95
126 44 75 95
133 44 75 95
139 44 75 95
142 44 75 95
144 45 75 95
143 47 75 95
144 46 75 95
148 43 75 95
146 42 75 95
145 41 75 95
138 34 75 95
133 32 75 95
135 33 75 95
133 36 75 95
132 38 75 95
133 40 75 95
133 41 75 95
138 43 75 95
140 44 75 95
142 45 75 95
143 47 75 95
144 47 75 95
143 47 75 95
143 47 75 95
142 47 75 95
135 46 75 95
129 46 75 95
123 46 75 95
120 47 75 95
116 47 75 95
114 48 75 95
111 47 75 95
107 48 75 95
103 48 75 95
103 49 75 95
103 48 75 95
103 48 75 95
104 48 75 95
104 48 75 95
104 49 75 95
101 49 75 95
102 47 75 95
105 44 75 95
108 42 75 95
113 40 75 95
117 38 75 95
120 37 75 95
123 35 75 95
125 34 75 95
125 32 75 95
117 29 75 95
115 28 75 95
113 30 75 95
107 30 75 95
105 32 75 95
100 29 75 95
103 30 75 95
103 27 75 95
108 25 75 95
109 20 75 95
112 17 75 95
116 18 75 95
120 19 75 95
121 20 75 95
125 20 75 95
127 19 75 95
126 14 75 95
127 11 75 95
130 10 75 95
134 11 75 95
132 15 75 95
132 22 75 95
129 28 75 95
121 32 75 95
113 35 75 95
106 37 75 95
98 36 75 95
99 38 75 95
95 35 75 95
94 31 75 95
96 32 75 95
99 34 75 95
101 34 75 95
105 36 75 95
107 37 75 95
110 39 75 95
115 42 75 95
117 43 75 95
120 40 75 95
124 34 75 95
123 32 75 95
120 24 75 95
118 18 75 95
117 13 75 95
112 7 75 95
110 9 75 95
105 11 75 95
101 13 75 95
98 13 75 95
98 15 75 95
99 16 75 95
98 18 75 95
97 19 75 95
96 18 75 95
99 16 75 95
102 17 75 95
103 21 75 95
105 25 75 95
106 30 75 95
105 34 75 95
106 37 75 95
103 35 75 95
104 29 75 95
106 21 75 95
110 18 75 95
113 21 75 95
114 26 75 95
114 32 75 95
113 35 75 95
112 38 75 95
112 40 75 95
111 42 75 95
112 40 75 95
115 41 75 95
115 43 75 95
110 42 75 95
106 44 75 95
104 45 75 95
99 45 75 95
93 45 75 95
89 44 75 95
85 43 75 95
81 44 75 95
85 43 75 95
87 41 75 95
88 37 75 95
92 37 75 95
95 40 75 95
97 45 75 95
101 50 75 95
107 52 75 95
114 50 75 95
119 46 75 95
125 39 75 95
132 36 75 95
135 34 75 95
137 34 75 95
138 35 75 95
137 36 75 95
137 38 75 95
136 40 75 95
132 42 75 95
129 42 75 95
130 41 75 95
127 40 75 95
126 40 75 95
125 40 75 95
124 40 75 95
123 41 75 95
122 41 75 95
122 41 75 95
125 41 75 95
127 42 75 95
128 41 75 95
127 42 75 95
129 43 75 95
128 45 75 95
124 49 75 95
124 53 75 95
126 56 75 95
125 60 75 95
122 62 75 95
118 60 75 95
118 58 75 95
118 57 75 95
114 55 75 95
116 51 75 95
119 50 75 95
122 49 75 95
126 49 75 95
129 49 75 95
131 49 75 95
133 49 75 95
135 47 75 95
135 43 75 95
135 41 75 95
131 40 75 95
128 36 75 95
124 37 75 95
119 40 75 95
115 42 75 95
110 43 75 95
107 45 75 95
102 46 75 95
98 47 75 95
97 47 75 95
94 44 75 95
94 40 75 95
97 39 75 95
99 40 75 95
101 44 75 95
104 48 75 95
109 53 75 95
114 56 75 95
119 56 75 95
122 54 75 95
128 51 75 95
137 48 75 95
141 48 75 95
144 51 75 95
146 55 75 95
147 57 75 95
145 57 75 95
141 56 75 95
137 54 75 95
135 51 75 95
134 51 75 95
130 51 75 95
129 50 75 95
130 49 75 95
128 50 75 95
126 52 75 95
123 53 75 95
121 52 75 95
120 52 75 95
120 53 75 95
119 52 75 95
119 50 75 95
121 48 75 95
123 48 75 95
126 48 75 95
131 50 75 95
136 52 75 95
140 55 75 95
143 57 75 95
146 58 75 95
148 58 75 95
150 57 75 95
151 54 75 95
150 52 75 95
150 52 75 95
149 50 75 95
151 50 75 95
149 45 75 95
150 39 75 95
153 39 75 95
154 41 75 95
156 43 75 95
162 44 75 95
171 49 75 95
169 55 75 95
167 59 75 95
162 59 75 95
159 58 75 95
153 56 75 95
151 56 75 95
151 58 75 95
151 57 75 95
150 56 75 95
154 59 75 95
150 58 75 95
147 54 75 95
147 49 75 95
146 46 75 95
141 44 75 95
147 43 75 95
150 45 75 95
153 48 75 95
156 52 75 95
156 53 75 95
158 53 75 95
160 54 75 95
158 54 75 95
155 53 75 95
153 51 75 95
153 50 75 95
151 51 75 95
148 54 75 95
147 57 75 95
145 60 75 95
142 61 75 95
138 60 75 95
133 58 75 95
132 56 75 95
129 54 75 95
126 53 75 95
125 52 75 95
122 52 75 95
121 53 75 95
121 55 75 95
122 55 75 95
125 55 75 95
129 54 75 95
133 54 75 95
138 54 75 95
142 52 75 95
143 52 75 95
147 51 75 95
148 52 75 95
150 55 75 95
150 59 75 95
150 63 75 95
149 65 75 95
147 67 75 95
146 68 75 95
143 67 75 95
138 63 75 95
138 59 75 95
133 57 75 95
130 58 75 95
125 61 75 95
123 64 75 95
123 64 75 95
121 63 75 95
119 63 75 95
117 60 75 95
115 59 75 95
114 58 75 95
113 58 75 95
112 58 75 95
108 57 75 95
